-30639.9 -3736.59 -2427.69 16903.1 2918.45 -435.342 17894.7 1154.72 2541.04 
-3736.59 -7154.68 5736.08 3442.03 666.8 3243.76 2081.04 -6648.89 -3955.06 
-2427.69 5736.08 -30875 -730.782 2180.96 -19960.7 2664.33 -2605.64 14143.9 
16903.1 3442.03 -730.782 -38751 -4611.62 -668.448 -1728.93 383.559 564.739 
2918.45 666.8 2180.96 -4611.62 -12700.1 6559.43 816.171 483.614 -151.431 
-435.342 3243.76 -19960.7 -668.448 6559.43 -41561.7 73.042 -2121.52 4354.35 
17894.7 2081.04 2664.33 -1728.93 816.171 73.042 -105646 -9869.28 -3973.18 
1154.72 -6648.89 -2605.64 383.559 483.614 -2121.52 -9869.28 -14817 15504.7 
2541.04 -3955.06 14143.9 564.739 -151.431 4354.35 -3973.18 15504.7 -102977 
